[49m               [38;2;148;74;49;49m▄[38;2;0;0;0;49m▄[38;2;255;255;255;48;2;148;74;49m▄▄[38;2;255;255;255;48;2;0;0;0m▄▄▄[38;2;255;255;255;48;2;148;74;49m▄[38;2;0;0;0;49m▄▄[49m               [m
[49m             [38;2;148;74;49;49m▄[38;2;255;181;41;48;2;0;0;0m▄[38;2;255;181;41;48;2;255;255;255m▄[48;2;255;255;255m [38;2;0;0;0;48;2;255;255;255m▄[48;2;255;255;255m   [38;2;0;0;0;48;2;255;255;255m▄[48;2;255;255;255m [38;2;255;181;41;48;2;255;255;255m▄[48;2;255;181;41m [38;2;255;181;41;48;2;0;0;0m▄[38;2;0;0;0;49m▄[49m             [m
[49m             [48;2;0;0;0m [48;2;255;181;41m   [38;2;255;181;41;48;2;0;0;0m▄[48;2;255;181;41m   [38;2;255;181;41;48;2;0;0;0m▄[48;2;255;181;41m    [38;2;255;181;41;48;2;0;0;0m▄[38;2;0;0;0;49m▄[49m            [m
[49m             [49;38;2;0;0;0m▀[38;2;0;0;0;48;2;255;181;41m▄[48;2;255;181;41m            [48;2;0;0;0m [49m            [m
[49m               [49;38;2;0;0;0m▀▀[48;2;0;0;0m [38;2;255;181;41;48;2;0;0;0m▄▄[38;2;255;181;41;48;2;148;74;49m▄[38;2;0;0;0;48;2;255;181;41m▄[48;2;255;181;41m    [38;2;0;0;0;48;2;255;181;41m▄[49;38;2;0;0;0m▀[49m            [m
[49m                  [48;2;0;0;0m [48;2;255;181;41m       [48;2;0;0;0m [49m             [m
[49m                   [48;2;0;0;0m [38;2;255;255;255;48;2;255;181;41m▄[48;2;255;181;41m    [48;2;0;0;0m [49m              [m
[49m          [38;2;148;74;49;49m▄[38;2;0;0;0;49m▄▄▄[49m  [38;2;148;74;49;49m▄[38;2;0;0;0;49m▄▄[48;2;0;0;0m [38;2;255;181;41;48;2;255;255;255m▄[48;2;255;255;255m [48;2;255;181;41m  [38;2;148;74;49;48;2;255;181;41m▄[48;2;0;0;0m [38;2;0;0;0;49m▄▄[49m            [m
[49m       [38;2;148;74;49;49m▄[38;2;255;255;255;48;2;148;74;49m▄[38;2;255;255;255;48;2;0;0;0m▄[38;2;0;0;0;48;2;255;255;255m▄▄[38;2;255;255;255;48;2;255;181;41m▄[48;2;148;74;49m [38;2;148;74;49;48;2;0;0;0m▄[38;2;255;181;41;48;2;0;0;0m▄[48;2;255;181;41m [38;2;255;255;255;48;2;148;74;49m▄[38;2;0;0;0;48;2;255;181;41m▄[38;2;255;181;41;48;2;148;74;49m▄[48;2;255;181;41m   [38;2;148;74;49;48;2;255;181;41m▄[38;2;148;74;49;48;2;0;0;0m▄[38;2;148;74;49;48;2;255;181;41m▄[38;2;148;74;49;48;2;255;255;255m▄[38;2;255;181;41;48;2;255;255;255m▄[38;2;255;255;255;48;2;0;0;0m▄[38;2;255;255;255;48;2;148;74;49m▄[38;2;148;74;49;49m▄[49m         [m
[49m      [38;2;0;0;0;49m▄[38;2;255;255;255;48;2;0;0;0m▄[38;2;0;0;0;48;2;255;255;255m▄[48;2;0;0;0m [38;2;255;255;255;48;2;0;0;0m▄[48;2;255;255;255m [38;2;148;74;49;48;2;255;181;41m▄[48;2;148;74;49m [38;2;255;181;41;48;2;148;74;49m▄[48;2;255;255;255m [38;2;0;0;0;48;2;255;255;255m▄[48;2;0;0;0m [48;2;148;74;49m [48;2;255;181;41m    [48;2;0;0;0m [48;2;255;255;255m [38;2;255;255;255;48;2;148;74;49m▄[48;2;148;74;49m   [38;2;148;74;49;48;2;255;255;255m▄[48;2;255;255;255m [38;2;0;0;0;48;2;148;74;49m▄[49m        [m
[49m      [48;2;0;0;0m [48;2;255;255;255m [38;2;255;255;255;48;2;0;0;0m▄[48;2;255;255;255m [38;2;255;181;41;48;2;255;255;255m▄[48;2;148;74;49m [38;2;255;181;41;48;2;148;74;49m▄[48;2;148;74;49m [38;2;255;181;41;48;2;255;255;255m▄[48;2;255;255;255m [38;2;255;255;255;48;2;0;0;0m▄[48;2;0;0;0m [38;2;0;0;0;48;2;148;74;49m▄[48;2;148;74;49m [38;2;148;74;49;48;2;255;181;41m▄▄[38;2;0;0;0;48;2;148;74;49m▄[38;2;255;255;255;48;2;0;0;0m▄[48;2;255;255;255m  [48;2;255;181;41m [48;2;148;74;49m   [38;2;148;74;49;48;2;255;181;41m▄[48;2;0;0;0m [49m        [m
[49m       [48;2;0;0;0m [48;2;148;74;49m  [38;2;255;181;41;48;2;148;74;49m▄[38;2;148;74;49;48;2;255;181;41m▄[38;2;255;181;41;48;2;148;74;49m▄[38;2;148;74;49;48;2;255;181;41m▄[38;2;255;181;41;48;2;148;74;49m▄[38;2;148;74;49;48;2;255;181;41m▄[38;2;148;74;49;48;2;255;255;255m▄[38;2;255;181;41;48;2;255;255;255m▄[38;2;255;255;255;48;2;148;74;49m▄[38;2;255;255;255;48;2;0;0;0m▄▄▄[48;2;255;255;255m  [38;2;255;181;41;48;2;255;255;255m▄[38;2;148;74;49;48;2;255;181;41m▄[38;2;255;181;41;48;2;148;74;49m▄[38;2;255;255;255;48;2;148;74;49m▄▄[48;2;148;74;49m   [38;2;255;255;255;48;2;0;0;0m▄[38;2;0;0;0;49m▄[49m      [m
[49m     [38;2;0;0;0;49m▄[48;2;0;0;0m [48;2;148;74;49m    [38;2;148;74;49;48;2;255;181;41m▄[38;2;255;181;41;48;2;148;74;49m▄[38;2;148;74;49;48;2;255;181;41m▄[38;2;255;181;41;48;2;148;74;49m▄[38;2;148;74;49;48;2;255;181;41m▄[48;2;148;74;49m   [38;2;148;74;49;48;2;255;181;41m▄[38;2;255;181;41;48;2;255;255;255m▄[48;2;255;255;255m  [38;2;148;74;49;48;2;255;255;255m▄[48;2;148;74;49m  [38;2;148;74;49;48;2;255;255;255m▄[48;2;255;255;255m  [38;2;255;181;41;48;2;255;255;255m▄[48;2;148;74;49m  [38;2;148;74;49;48;2;255;255;255m▄[38;2;255;255;255;48;2;0;0;0m▄[38;2;0;0;0;49m▄▄[49m    [m
[38;2;148;74;49;49m▄[38;2;255;255;255;48;2;148;74;49m▄[38;2;255;255;255;48;2;0;0;0m▄[38;2;255;181;41;48;2;0;0;0m▄▄[48;2;255;181;41m [48;2;0;0;0m [48;2;148;74;49m   [38;2;255;181;41;48;2;148;74;49m▄[38;2;255;255;255;48;2;148;74;49m▄[48;2;255;255;255m    [38;2;255;255;255;48;2;148;74;49m▄[38;2;255;181;41;48;2;148;74;49m▄[48;2;148;74;49m     [48;2;255;255;255m  [38;2;255;255;255;48;2;148;74;49m▄▄▄▄▄[38;2;255;181;41;48;2;148;74;49m▄[48;2;148;74;49m  [48;2;255;255;255m [48;2;0;0;0m [48;2;255;181;41m [38;2;255;181;41;48;2;0;0;0m▄[38;2;255;255;255;48;2;0;0;0m▄[38;2;255;181;41;48;2;0;0;0m▄[38;2;0;0;0;49m▄[m
[48;2;0;0;0m [48;2;255;181;41m    [38;2;0;0;0;48;2;255;181;41m▄[48;2;0;0;0m [38;2;0;0;0;48;2;148;74;49m▄[48;2;148;74;49m [38;2;255;255;255;48;2;255;181;41m▄[38;2;0;0;0;48;2;255;255;255m▄[48;2;0;0;0m [38;2;148;74;49;48;2;0;0;0m▄▄[48;2;0;0;0m  [38;2;0;0;0;48;2;255;255;255m▄[48;2;255;255;255m [38;2;255;255;255;48;2;255;181;41m▄[48;2;148;74;49m    [38;2;255;181;41;48;2;148;74;49m▄[48;2;255;255;255m [38;2;0;0;0;48;2;255;255;255m▄[38;2;148;74;49;48;2;0;0;0m▄[38;2;255;181;41;48;2;0;0;0m▄▄[48;2;0;0;0m [38;2;0;0;0;48;2;255;255;255m▄[48;2;255;255;255m [48;2;148;74;49m [48;2;0;0;0m [38;2;0;0;0;48;2;255;181;41m▄▄[48;2;255;181;41m   [48;2;0;0;0m [m
[49m [49;38;2;0;0;0m▀▀▀▀[38;2;148;74;49;49m▄[38;2;0;0;0;49m▄[48;2;0;0;0m [38;2;0;0;0;48;2;148;74;49m▄[38;2;0;0;0;48;2;255;255;255m▄[38;2;255;181;41;48;2;0;0;0m▄[48;2;255;181;41m   [38;2;255;181;41;48;2;148;74;49m▄[48;2;0;0;0m  [48;2;255;255;255m [38;2;255;181;41;48;2;255;255;255m▄[48;2;148;74;49m    [48;2;255;255;255m [48;2;0;0;0m  [48;2;255;181;41m    [38;2;255;181;41;48;2;0;0;0m▄▄[38;2;0;0;0;48;2;148;74;49m▄[48;2;0;0;0m [38;2;0;0;0;49m▄▄[49;38;2;0;0;0m▀▀▀[49m [m
[49m  [38;2;148;74;49;49m▄[38;2;255;181;41;48;2;148;74;49m▄[38;2;255;255;255;48;2;0;0;0m▄[38;2;255;255;255;48;2;255;181;41m▄[48;2;255;255;255m [38;2;255;181;41;48;2;255;255;255m▄[48;2;255;181;41m     [38;2;0;0;0;48;2;255;181;41m▄[38;2;255;255;255;48;2;0;0;0m▄▄[38;2;255;181;41;48;2;255;255;255m▄[38;2;148;74;49;48;2;255;255;255m▄[38;2;255;181;41;48;2;148;74;49m▄[48;2;148;74;49m [38;2;255;181;41;48;2;148;74;49m▄[48;2;148;74;49m  [38;2;148;74;49;48;2;255;181;41m▄[38;2;255;181;41;48;2;255;255;255m▄[38;2;255;255;255;48;2;0;0;0m▄[48;2;0;0;0m [38;2;0;0;0;48;2;255;181;41m▄[48;2;255;181;41m    [38;2;255;181;41;48;2;255;255;255m▄[48;2;255;255;255m [38;2;255;255;255;48;2;255;181;41m▄▄[38;2;255;181;41;48;2;0;0;0m▄[38;2;0;0;0;49m▄[49m  [m
[49m  [48;2;0;0;0m [48;2;255;181;41m    [38;2;0;0;0;48;2;255;181;41m▄▄▄▄[49;38;2;0;0;0m▀▀[49m [49;38;2;0;0;0m▀▀[38;2;0;0;0;48;2;148;74;49m▄[38;2;0;0;0;48;2;255;181;41m▄[38;2;0;0;0;48;2;148;74;49m▄[38;2;0;0;0;48;2;255;181;41m▄[38;2;0;0;0;48;2;148;74;49m▄▄▄▄▄[49;38;2;0;0;0m▀▀[49m [49;38;2;0;0;0m▀▀[38;2;0;0;0;48;2;255;181;41m▄▄▄[48;2;255;181;41m    [48;2;0;0;0m [49m  [m
[49m   [49;38;2;0;0;0m▀▀▀▀[49m                          [49;38;2;0;0;0m▀▀▀▀[49m   [m
